Longitude: 9.974619775, Latitude: 53.589529475
Longitude: 10.210585366666667, Latitude: 53.50387953333333
Longitude: 10.04241265, Latitude: 53.565386375
Longitude: 10.303680175, Latitude: 53.440886074999995
